# Bosak et al.
# PHYSICAL REVIEW B 77, 224303 , 2008
#G-K-M
0.049763	2.74216
0.0829384	4.85498
0.100118	5.34947
0.167062	9.35033
0.200237	10.2944
0.200237	10.4742
0.248815	13.4411
0.299763	14.3851
0.299763	14.6998
0.334123	14.9246
0.334123	15.6888
0.332346	16.2282
0.375	14.0705
0.38981	14.0705
0.399882	13.9356
0.417062	13.6209
0.449645	13.3062
0.457346	12.6319
0.5	12.9466
0.500592	10.0246
0.459123	10.4742
0.44372	11.5081
0.0201422	1.84309
0.0396919	3.68619
0.0604265	5.52928
0.0835308	7.68705
0.167654	13.0365
0.200237	14.6998
0.25	16.0484
0.290877	16.9475
0.300948	17.1722
0.332938	17.7117
0.332938	17.5319
0.373815	17.8915
0.388626	17.8016
0.399289	17.6667
0.444313	16.0934
0.44372	16.2732
0.500592	14.9695
0.500592	15.1493
0.5	18.2062
0.5	18.386
0.500592	18.7456
0.5	19.2401
0.5	19.4199
0.499408	20.2291
0.5	20.9483
0.500592	21.1282
0.500592	26.5675
0.5	27.4216
0.457938	26.3428
0.457346	21.1282
0.449052	21.1731
0.44372	20.4988
0.44372	19.1052
0.449645	18.6557
0.416469	19.0153
0.388033	19.375
0.375	19.8695
0.332346	20.274
0.332938	20.6337
0.399289	20.7685
0.398697	20.9933
0.415877	20.8584
0.416469	21.6226
0.374408	22.1621
0.333531	21.8474
0.332938	24.3648
0.332346	24.4997
0.373815	24.8143
0.374408	25.174
0.400474	25.2639
0.417062	25.6235
0.417062	26.073
0.299171	25.3538
0.292062	23.9602
0.291469	22.0722
0.299763	20.6337
0.289692	19.6447
0.299763	18.2961
0.274289	17.8915
0.274289	18.6557
0.249408	18.1612
0.249408	18.5658
0.249408	19.0153
0.25	20.9483
0.25	21.0832
0.249408	21.8025
0.25	23.8254
0.249408	27.5116
0.199645	29.3097
0.166469	30.4335
0.0829384	32.5014
0.0835308	32.2766
0.0420616	32.4564
0.0408768	26.2978
0.0835308	25.7134
0.0995261	25.7584
0.166469	24.2299
0.207938	23.8703
0.207938	21.4878
0.166469	21.3529
0.165877	21.8924
0.124408	21.3979
0.0835308	21.5327
0.0420616	21.5777
0.0408768	21.3529
0.0829384	21.1282
0.100711	20.9933
0.0995261	20.3639
0.0503555	20.319
0.167062	20.274
0.200237	20.4089
0.224526	18.8805
0.165877	17.1722
0.167062	14.475
0.0835308	12.9466
0.0414692	11.1035
0.0835308	11.4182
0.0	10.2944


#Raman (the same paper)
0.00	10.2494
0.00	20.4988
0	21.8025
0.00	32.9509


#G-M
0.0502049	1.43851
0.0502049	1.61833
0.0993852	3.05684
0.0993852	3.23665
0.199795	6.06873
0.300205	8.22649
0.29918	8.9907
0.39959	9.62005
0.501025	9.97968
0.501025	13.0365
0.39959	11.643
0.5	15.0145
0.498975	15.1943
0.398566	14.7448
0.398566	14.8796
0.29918	13.6659
0.25	12.2274
0.19877	10.1145
0.19877	10.2944
0.0993852	5.25956
-0.00102459	10.3843
0.0512295	10.6989
0.0502049	10.5191
0.0993852	10.7439
0.101434	11.6879
0.199795	12.0925
0.300205	14.2952
0.332992	15.2842
0.378074	16.7227
0.39959	16.9924
0.398566	17.397
0.419057	17.6218
0.423156	17.7117
0.447746	18.1163
0.468238	18.2961
0.473361	18.4309
0.497951	18.2062
0.5	18.7456
0.5	19.375
0.472336	19.375
0.44877	19.4199
0.423156	19.4649
0.421107	18.6557
0.401639	19.1952
0.39959	19.5997
0.380123	19.1052
0.30123	17.7117
0.30123	17.9365
0.25	16.453
0.20082	14.7897
0.20082	14.6099
0.331967	19.7795
0.498975	20.2291
0.5	20.9034
0.5	21.0382
0.469262	21.0832
0.47541	21.1282
0.449795	21.2181
0.419057	21.3529
0.42623	21.3529
0.39959	21.308
0.398566	20.9483
0.39959	20.4539
0.378074	21.4428
0.331967	21.3979
0.29918	21.6676
0.25	21.9823
0.19877	21.8924
0.19877	21.308
0.19877	20.4988
0.19877	20.4089
0.247951	20.5438
0.298156	20.4988
0.29918	21.0832
0.29918	20.2291
0.0993852	20.3639
0.0983607	20.6786
0.10041	21.0832
0.0993852	21.4878
0.0502049	21.5327
0.0502049	21.3979
0.0491803	20.7685
0.0491803	20.5887
0.0491803	20.3639
-0.00102459	26.8822
0.0512295	26.4776
0.0993852	26.118
0.0993852	26.3428
0.0983607	26.5226
0.199795	25.129
0.248975	24.6345
0.30123	24.4547
0.332992	24.5446
0.380123	24.8593
0.398566	24.8143
0.397541	24.9492
0.420082	25.174
0.470287	26.4776
0.497951	26.5226
0.501025	27.2418
0.39959	28.9501
0.398566	29.1748
0.300205	30.5234
0.298156	31.1078
0.20082	31.962
0.19877	32.2317
0.0993852	32.7711
0.0502049	32.9509


#G-A
0.0519231	1.07888
0.0461538	1.43851
0.0538462	1.75319
0.1	1.66328
0.1	3.01189
0.2	3.14675
0.2	3.28161
0.301923	4.67517
0.403846	6.11368
0.496154	7.14761
0.201923	5.57424
0.201923	5.93386
0.401923	8.36135
0.301923	8.40631
0.3	9.12556
0.2	9.70996
0.1	10.1145
0.0461538	10.1595
-0.00384615	10.4742
0.403846	11.2384
0.4	11.5531
0.498077	13.6659
0.498077	13.8457
0.398077	16.0035
0.298077	18.1612
0.196154	19.8245
0.0519231	20.4988
0.0980769	20.5438
0.0961538	21.1282
0.0480769	21.6226
-0.00192308	21.8025
0.1	21.6676
0.2	21.6676
0.201923	20.7685
0.301923	20.8584
0.3	21.4878
0.401923	21.3979
0.401923	20.9933
0.494231	21.1731
0.494231	30.3436
0.401923	29.7143
0.301923	28.7703
0.201923	27.7813
0.101923	27.062
0	26.8822
0.05	32.4115
0.1	32.3216
0.2	31.962
0.3	31.6473
0.401923	31.1977


#Neutron
#A-M
0.0993852	3.15253
0.19877	6.03534
0.29918	8.82831
0.39959	11.4864
0.44877	12.5682
0.5	13.4702
0.5	18.7298
0.5	19.1793
0.449795	19.7608
0.39959	19.7578
0.39959	16.9707
0.29918	17.8639
0.29918	14.3126
0.19877	14.5765
0.19877	10.0812
0.0983607	5.40014
0.0983607	11.6936
0.0481557	10.7467
0.00102459	9.9796


#Ref. 8 of above, G. L. Ostheller, R. E. Schmunk, R. M. Brugger, and R. J. Kearney,
#Inelastic Neutron Scattering (IAEA, Vienna, 1968, p. 315.)
#G-A
0.101533	1.66549
0.199234	3.24096
0.300766	4.86144
0.398467	6.21184
0.450192	6.88703
0.5	7.33717
0.448276	7.92234
0.398467	8.41749
0.350575	8.77759
0.298851	8.50751
0.249042	7.06709
0.199234	5.44661
0.151341	4.23125
0	9.99295
0.101533	9.8129
0.201149	9.63285
0.249042	9.40778
0.300766	9.22773
0.398467	10.4881
0.450192	11.6134
0.5	12.3336

