#4H. Schober, D. Strauch, and B. Dorner, Z. Phys. B: Condens. Matter 92, 273 ~1993!.
0.0492701	3.39623
0.0985401	6.41509
0.149635	9.81132
0.198905	12.8302
0.25	15.6604
0.29927	18.4906
0.34854	21.3208
0.399635	23.9623
0.45073	26.4151
0.501825	28.6792
0.498175	30.3774
0.45073	32.2642
0.399635	34.5283
0.346715	36.6038
0.297445	33.7736
0.25	29.0566
0.198905	23.3962
0.14781	18.1132
0.100365	13.0189
0.0474453	5.09434
0.5	38.1132
0.452555	40.7547
0.39781	40.3774
0.34854	39.2453
0.29927	39.8113
0.25	40.7547
0.20073	42.2642
0.0985401	45.6604
0.0492701	46.2264
0.0967153	46.9811
0.20073	46.2264
0.297445	44.5283
0.399635	44.3396
0.45073	45.4717
0.5	46.0377
0.5	50.1887
0.452555	48.6792
0.399635	46.4151
0.29927	47.1698
0.20073	48.1132
0.100365	49.6226
0.20073	51.8868
0.29927	51.8868
0.40146	53.3962
0.5	55.4717
0.5	56.6038
0.19708	54.3396
0.0985401	53.5849
0.0492701	55.0943
0.0985401	58.1132
0.198905	57.9245
0.29927	58.8679
0.39781	59.434
0.5	60.3774
0.498175	66.0377
0.395985	65.6604
0.297445	64.717
0.20073	61.8868
0.0967153	60.1887
0.0967153	71.3208
0.195255	70.7547
0.297445	69.434
0.399635	70.9434
0.498175	72.2642
0.498175	78.3019
0.399635	77.3585
0.29927	76.6038
0.198905	75.0943
0.0985401	76.2264
0.0985401	80
0.19708	81.3208
0.301095	82.6415
0.399635	82.2642
0.501825	82.8302
0.49635	93.5849
0.39781	93.3962
0.29927	93.5849
0.20073	93.2075
0.0967153	93.2075
0.100365	108.491
0.19708	107.547
0.29927	105.66
0.399635	103.585
0.50365	100.377


0.0970696	6.4252
0.150183	9.6378
0.197802	12.8504
0.249084	15.685
0.300366	18.8976
0.349817	21.5433
0.399267	24.189
0.450549	26.6457
0.452381	30.8031
0.399267	32.5039
0.349817	34.0157
0.300366	34.7717
0.249084	35.3386
0.199634	36.0945
0.148352	36.8504
0.0970696	37.2283
0.047619	37.7953
0.401099	35.9055
0.298535	37.9843
0.250916	39.685
0.197802	40.6299
0.0952381	43.8425
0.047619	47.0551
0.0989011	46.6772
0.199634	46.4882
0.300366	46.2992
0.397436	45.7323
0.399267	51.5906
0.300366	51.2126
0.199634	51.9685
0.0970696	52.9134
0.047619	54.8031
0.0989011	56.5039
0.199634	58.3937
0.298535	59.1496
0.399267	57.2598
0.399267	58.7717
0.300366	59.7165
0.199634	60.2835
0.0970696	60.6614
0.0494505	59.1496
0.0989011	65.1969
0.199634	65.1969
0.300366	65.5748
0.401099	66.1417
0.399267	66.8976
0.298535	69.1654
0.195971	67.8425
0.197802	70.2992
0.197802	72.378
0.0989011	70.6772
0.100733	71.811
0.300366	71.811
0.401099	72
0.399267	79.3701
0.300366	79.5591
0.199634	79.3701
0.0989011	79.1811
0.0970696	85.4173
0.197802	84.4724
0.298535	82.9606
0.40293	82.7717
0.399267	93.3543
0.300366	92.2205
0.197802	92.4094
0.0970696	92.0315
0.0970696	92.7874
0.197802	93.7323
0.298535	95.2441
0.401099	98.4567


0.0498155	5.70523
0.099631	11.4105
0.149446	16.9255
0.201107	22.4406
0.249077	26.6244
0.300738	31.5689
0.352399	34.9921
0.398524	38.7956
0.501845	40.8875
0.501845	49.4453
0.450185	47.5436
0.398524	47.1632
0.346863	46.7829
0.298893	47.7338
0.252768	48.3043
0.201107	49.6355
0.149446	49.8257
0.095941	50.7765
0.097786	62.7575
0.151292	62.5674
0.201107	63.1379
0.252768	63.7084
0.298893	64.0887
0.348708	65.42
0.400369	65.42
0.453875	66.1807
0.5	66.1807
0.50369	84.4374
0.400369	84.8177
0.300738	83.6767
0.201107	81.5848
0.101476	81.0143
0.101476	108.399
0.201107	108.209
0.300738	106.307
0.400369	105.166
0.5	103.455


0.0992647	38.4152
0.200368	38.6054
0.299632	38.7956
0.400735	39.9366
0.450368	51.5372
0.402574	54.7702
0.349265	57.0523
0.301471	58.954
0.25	61.4263
0.200368	62.9477
0.150735	64.4691
0.101103	65.2298
0.0514706	65.6101
0.102941	72.4564
0.152574	72.2662
0.198529	72.6466
0.25	71.5055
0.303309	70.935
0.351103	70.7448
0.400735	68.4628
0.450368	68.0824
0.398897	83.1062
0.299632	83.2964
0.202206	83.8669
0.102941	85.0079
0.101103	93.7559
0.200368	96.2282
0.301471	98.8906
0.400735	101.743


0.0479705	4
0.097786	7.04762
0.147601	9.90476
0.197417	12.9524
0.247232	15.4286
0.300738	18.4762
0.346863	20.9524
0.398524	23.619
0.450185	26.0952
0.501845	28.5714
0.450185	30.8571
0.398524	33.3333
0.300738	37.5238
0.247232	39.2381
0.197417	41.5238
0.151292	43.0476
0.099631	44.381
0.0479705	45.7143
0.0461255	47.4286
0.099631	47.8095
0.145756	49.7143
0.199262	49.1429
0.249077	50.0952
0.295203	49.9048
0.350554	50.4762
0.398524	50.4762
0.450185	49.7143
0.5	50.6667
0.446494	52.1905
0.398524	52
0.348708	52
0.297048	52.381
0.245387	51.8095
0.199262	52.1905
0.147601	52.1905
0.099631	51.8095
0.0461255	54.0952
0.0479705	53.3333
0.097786	55.4286
0.201107	57.7143
0.250923	58.6667
0.300738	59.2381
0.348708	60.9524
0.398524	60.9524
0.45203	61.1429
0.5	61.5238
0.302583	61.3333
0.197417	60.1905
0.147601	57.9048
0.095941	58.2857
0.0461255	56.1905
0.097786	70.8571
0.199262	70.6667
0.197417	70.0952
0.249077	68.1905
0.302583	68.7619
0.396679	68.5714
0.5	67.619
0.0479705	78.6667
0.099631	78.8571
0.147601	80.5714
0.197417	79.8095
0.247232	80.7619
0.300738	81.9048
0.348708	82.8571
0.398524	84
0.448339	85.3333
0.494465	86.4762
0.450185	87.619
0.400369	88.7619
0.348708	89.1429
0.297048	90.4762
0.247232	91.0476
0.197417	92
0.147601	92.1905
0.095941	92.5714
0.0479705	93.1429


0.0498392	4.66019
0.101286	8.82108
0.151125	12.3162
0.199357	15.9778
0.249196	19.8058
0.300643	22.6352
0.350482	25.2982
0.401929	26.9626
0.451768	27.6283
0.5	27.7947
0.348875	35.1179
0.299035	34.6186
0.252412	30.1248
0.199357	24.7989
0.149518	19.1401
0.0996785	13.3148
0.0466238	7.32316
0.0498392	45.4369
0.252412	40.4438
0.300643	38.2802
0.350482	40.2774
0.400322	43.1068
0.450161	43.939
0.5	43.7725
0.450161	45.2705
0.398714	44.7712
0.348875	45.7698
0.300643	47.2677
0.247588	47.4341
0.200965	47.6006
0.149518	47.767
0.0996785	47.9334
0.0466238	47.767
0.401929	46.4355
0.450161	47.4341
0.5	67.4064
0.401929	67.5728
0.149518	70.9015
0.0482315	71.5673
0.101286	71.9001
0.199357	73.0652
0.299035	74.5631
0.400322	74.2302
0.501608	68.405
0.501608	77.7254
0.501608	79.889
0.397106	78.8904
0.300643	78.0583
0.249196	76.2275
0.199357	74.896
0.149518	74.896
0.0996785	75.5617
0.0498392	75.8946
0.0482315	80.5548
0.101286	81.2205
0.151125	81.387
0.202572	83.2178
0.250804	84.0499
0.302251	84.7157
0.35209	85.7143
0.403537	86.8793
0.5	81.7198
0.5	82.7184
0.501608	94.0361
0.501608	95.3675
0.400322	93.8696
0.348875	92.5381
0.299035	92.5381
0.249196	92.5381
0.200965	93.5368
0.0996785	93.5368
0.0482315	93.7032
0.501608	100.194
0.401929	103.689
0.300643	106.186
0.200965	109.182
0.101286	110.347


0.0482315	37.6144
0.0996785	37.448
0.151125	36.9487
0.199357	36.2829
0.250804	36.1165
0.299035	36.1165
0.348875	36.2829
0.400322	36.6158
0.450161	37.448
0.450161	42.7739
0.401929	42.4411
0.350482	42.1082
0.300643	42.6075
0.250804	44.1054
0.197749	44.1054
0.149518	44.6047
0.0996785	45.2705
0.0482315	46.6019
0.0980707	57.2538
0.197749	58.4189
0.101286	64.577
0.202572	63.7448
0.400322	68.0721
0.302251	65.5756
0.200965	66.5742
0.0980707	71.7337
0.199357	74.0638
0.403537	77.8918
0.398714	81.0541
0.300643	79.3897
0.197749	78.8904
0.0996785	80.2219
0.0498392	85.5479
0.0996785	84.3828
0.199357	83.8835
0.299035	83.0513
0.398714	83.0513
0.400322	93.7032
0.299035	93.5368
0.247588	92.5381
0.197749	93.5368
0.0980707	93.3703
0.0980707	94.7018
0.199357	95.2011
0.300643	94.3689


#jecs-19-2241.pdf
10.7143 0.0587276
11.4286 0.0717781
12.1429 0.0636215
13.0357 0.0701468
14.4643 0.0799347
15.8929 0.0848287
17.1429 0.0946166
18.5714 0.0995106
19.8214 0.114192
21.25   0.114192
22.3214 0.130506
23.75   0.145188
24.8214 0.153344
26.25   0.156607
27.5    0.203915
28.75   0.220228
29.8214 0.223491
31.0714 0.243067
31.9643 0.280587
33.3929 0.262643
34.4643 0.292007
35.5357 0.28385
36.6071 0.30832
37.3214 0.311582
38.5714 0.313214
39.8214 0.342577
40.7143 0.375204
41.7857 0.384992
43.0357 0.327896
43.5714 0.339315
44.6429 0.384992
45.8929 0.435563
47.1429 0.58075
48.5714 0.670473
50      0.724307
51.25   0.763458
52.5    0.74062
53.9286 0.690049
54.8214 0.639478
56.25   0.584013
57.3214 0.551387
58.5714 0.574225
59.6429 0.613377
60.7143 0.62969
61.7857 0.659054
63.0357 0.725938
64.1071 0.680261
65.7143 0.7031
66.9643 0.734095
68.3929 0.724307
69.6429 0.7031
70.8929 0.616639
71.9643 0.577488
73.2143 0.577488
74.4643 0.574225
75.5357 0.530179
76.7857 0.520392
78.3929 0.5677
79.6429 0.587276
81.0714 0.595432
82.1429 0.624796
83.5714 0.668842
84.8214 0.706362
86.25   0.673736
87.5    0.48124
88.75   0.300163
90      0.269168
91.25   0.316476
92.8571 0.50571
94.2857 0.634584
95.3571 0.613377
96.6071 0.471452
98.2143 0.318108
99.2857 0.275693
100.714 0.293638
101.964 0.303426
103.393 0.300163
104.643 0.22186
106.071 0.163132
107.143 0.127243
108.571 0.0783034
109.821 0.112561
111.25  0.0619902
112.5   0.0701468
113.929 0.050571
116.607 0.096248
117.857 0.00815661
119.286 0.08646
